
export const tiles = [
  [0, 0, 6, 6, 6, 6, 6, 6, 6, 6, 6, 6, 6, 6, 6, 6, 6, 6, 6, 6, 6, 6, 6, 6, 6, 6, 6, 6, 6, 6],
  [6, 0, 6, 6, 0, 0, 0, 0, 0, 0, 0, 0, 0, 0, 0, 0, 0, 0, 0, 6, 6, 0, 0, 0, 0, 0, 0, 0, 0, 6],
  [6, 10, 6, 6, 0, 5, 7, 5, 5, 5, 5, 0, 5, 8, 6, 6, 6, 6, 6, 6, 6, 0, 6, 6, 6, 0, 6, 6, 6, 6],
  [6, 0, 0, 0, 0, 5, 0, 5, 0, 0, 0, 0, 5, 0, 0, 0, 0, 0, 0, 0, 9, 0, 6, 6, 6, 10, 6, 6, 6, 6],
  [6, 5, 5, 5, 5, 5, 0, 5, 0, 5, 5, 5, 5, 6, 6, 6, 6, 6, 6, 6, 6, 6, 6, 6, 6, 0, 6, 6, 6, 6],
  [6, 0, 0, 5, 0, 0, 0, 5, 0, 5, 0, 0, 0, 0, 0, 0, 5, 0, 0, 0, 0, 6, 0, 5, 5, 0, 0, 0, 6, 6],
  [6, 0, 0, 5, 0, 6, 6, 5, 0, 5, 0, 6, 6, 6, 0, 5, 5, 0, 0, 0, 0, 6, 0, 5, 5, 0, 0, 0, 6, 6],
  [6, 0, 0, 5, 0, 6, 6, 5, 0, 5, 0, 6, 6, 6, 0, 5, 0, 0, 0, 0, 0, 6, 0, 5, 5, 5, 5, 0, 6, 6],
  [6, 0, 0, 7, 0, 6, 6, 5, 0, 0, 0, 6, 0, 0, 0, 5, 0, 0, 0, 0, 0, 6, 0, 0, 7, 0, 0, 0, 6, 6],
  [6, 0, 0, 5, 6, 6, 6, 5, 6, 6, 6, 6, 0, 0, 0, 5, 0, 0, 0, 0, 0, 0, 0, 0, 6, 6, 6, 6, 6, 6],
  [6, 0, 0, 5, 0, 0, 0, 0, 0, 0, 0, 0, 0, 0, 0, 5, 0, 0, 0, 0, 5, 6, 0, 0, 0, 0, 6, 6, 6, 6],
  [6, 0, 0, 0, 6, 6, 0, 0, 6, 5, 5, 5, 5, 5, 5, 5, 5, 0, 0, 0, 5, 6, 5, 0, 0, 0, 0, 6, 6, 6],
  [6, 0, 6, 0, 6, 6, 0, 0, 6, 5, 0, 0, 0, 0 , 0, 0, 5, 0, 0, 0, 5, 6, 0, 0, 0, 0, 0, 0, 0, 6],
  [6, 0, 6, 0, 0, 0, 0, 0, 6, 5, 0, 5, 5, 5, 5, 5, 5, 0, 0, 0, 5, 6, 5, 6, 6, 0, 0, 0, 0, 6],
  [6, 0, 6, 6, 6, 6, 6, 6, 6, 5, 0, 0, 0, 0, 0, 0, 5, 0, 0, 0, 5, 0, 0, 0, 4, 6, 6, 6, 6, 6],
  [6, 6, 6, 6, 6, 6, 6, 6, 6, 6, 6, 6, 6, 6, 6, 5, 5, 6, 6, 6, 5, 6, 5, 6, 6, 6, 6, 6, 6, 6]
]